100 100
388 122 406 434 292 82 353 105 189 231 30 20 224 109 403 444 112 31 79 116 244 332 329 429 131 49 295 364 347 360 312 148 66 462 111 381 44 139 386 462 243 37 180 452 222 236 278 97 90 436 378 222 136 145 327 125 221 255 319 311 452 52 1 419 204 436 383 21 432 164 237 73 221 195 497 162 319 348 385 418 232 347 23 345 167 296 89 186 414 462 141 75 389 28 386 347 69 476 123 355
206 427 77 408 454 75 497 488 227 185 391 365 169 483 180 121 25 255 241 148 359 74 7 177 137 474 77 453 114 500 217 410 28 176 235 85 58 351 36 49 491 144 52 62 217 76 69 58 287 272 154 120 275 195 176 440 472 458 412 352 370 18 43 50 449 325 397 251 454 334 7 470 178 436 369 287 380 211 200 373 327 266 293 468 330 410 364 64 271 482 278 344 381 309 176 79 381 216 326 295
128 257 344 393 212 205 249 106 179 430 47 93 195 290 47 127 313 354 488 193 101 144 116 217 351 94 96 290 441 248 474 488 142 314 214 284 5 23 476 134 309 283 149 342 95 166 57 490 194 179 498 215 134 103 184 276 376 487 268 430 396 277 193 257 92 260 354 174 402 211 454 359 482 454 178 36 169 400 58 450 143 198 112 199 178 99 216 396 425 6 43 199 454 204 284 205 96 383 413 212
122 295 395 202 2 429 2 368 227 431 371 104 311 34 357 120 138 164 347 145 269 342 301 481 335 43 50 461 104 475 420 255 245 125 40 86 322 154 270 489 248 260 94 383 315 355 214 362 128 211 374 135 404 24 158 60 96 52 307 443 231 77 414 404 356 57 244 207 204 488 457 459 84 445 241 24 493 29 242 2 347 371 87 115 199 214 282 401 16 175 84 98 493 264 20 410 221 357 183 417
66 123 151 383 316 200 203 465 79 201 61 130 56 332 72 192 356 426 362 351 31 50 363 170 251 332 68 134 494 267 274 100 292 291 112 223 282 200 8 260 292 25 291 228 132 46 152 322 113 303 357 371 465 463 66 427 468 65 292 186 206 142 128 17 304 41 301 381 404 66 233 308 93 99 44 408 428 106 284 233 29 245 211 235 35 117 224 382 336 72 211 264 118 166 417 299 256 496 105 48
250 132 345 141 420 383 277 152 19 91 234 150 73 33 101 241 492 400 22 30 379 264 398 479 196 68 309 298 11 268 204 233 134 60 336 192 451 195 317 478 350 125 20 48 124 158 102 496 328 85 479 439 413 389 435 204 414 455 264 35 442 370 434 266 114 205 318 436 465 485 32 469 459 353 41 179 318 348 158 228 431 410 319 382 435 43 208 185 56 87 383 221 191 176 360 213 337 480 324 197
39 252 39 485 196 441 454 492 351 351 441 410 274 265 254 373 212 239 224 56 148 60 421 436 468 316 361 177 407 423 25 351 63 236 228 287 452 395 281 173 179 448 160 93 384 134 156 362 352 268 384 144 152 215 454 148 408 134 361 191 152 356 297 383 483 418 181 357 27 251 228 328 55 342 217 309 81 139 314 169 8 358 298 286 263 435 491 277 475 164 121 66 249 434 188 236 386 69 274 469
194 419 318 308 230 309 218 386 145 82 459 400 155 234 392 40 185 136 319 272 266 356 55 13 353 38 259 114 313 253 285 435 120 113 112 190 364 345 115 212 57 330 275 197 141 346 477 392 422 206 250 252 132 241 81 79 388 270 352 389 322 82 148 313 489 360 40 48 94 127 262 268 444 491 318 247 154 400 421 101 423 226 116 113 165 151 50 305 191 232 289 470 99 360 290 345 261 480 452 180
26 74 369 245 138 385 157 418 187 303 349 144 371 478 169 196 93 366 139 489 449 223 246 307 484 8 455 94 325 429 111 105 114 226 75 60 187 97 235 106 446 84 56 419 226 148 430 244 321 103 210 302 334 88 249 351 395 473 176 228 467 456 186 168 413 367 192 415 200 290 472 404 313 325 478 356 132 300 42 193 248 269 481 244 470 185 300 139 330 164 47 327 149 184 203 491 160 354 453 216
360 368 257 31 480 292 367 362 110 92 41 3 214 8 107 255 497 136 130 404 427 43 70 168 67 385 156 404 294 133 97 142 419 96 128 23 425 120 276 42 159 38 12 107 211 357 213 232 420 404 203 311 229 16 264 338 51 171 356 362 487 99 388 397 409 281 3 329 458 426 492 166 139 337 366 275 196 467 430 110 282 150 72 295 297 218 434 457 475 271 96 438 331 37 138 190 223 407 178 159
290 96 291 88 359 117 147 429 196 121 285 241 139 64 72 381 197 129 259 106 362 196 158 434 430 440 156 188 424 478 387 99 389 272 29 67 209 295 487 333 487 2 61 273 96 300 219 443 168 474 327 236 72 362 20 408 257 61 252 31 268 290 472 32 448 229 91 263 271 194 430 481 221 231 39 11 172 437 409 275 198 51 330 39 242 94 241 179 79 267 120 315 439 40 96 107 17 424 488 189
228 410 165 419 427 38 161 266 419 144 327 440 219 463 500 315 143 210 490 180 268 339 492 380 234 419 123 195 407 371 256 60 325 407 3 310 175 498 146 10 137 227 372 454 292 147 290 24 43 360 265 5 309 79 62 435 268 207 261 120 75 300 35 272 309 170 116 482 475 271 50 348 374 144 16 250 232 432 203 415 458 3 212 136 84 141 140 303 101 321 447 358 90 79 214 461 159 266 13 440
123 410 213 166 87 258 183 95 203 75 347 395 313 44 486 132 179 324 145 381 253 384 356 101 469 34 108 384 250 411 21 378 1 317 88 58 343 154 234 281 233 23 335 492 254 466 4 470 381 317 469 131 349 144 92 262 79 127 225 100 155 253 452 326 63 110 250 263 322 2 407 16 475 316 69 51 143 369 156 140 103 362 421 323 220 181 488 140 292 213 153 489 488 428 234 248 364 56 195 298
133 64 204 373 8 439 155 238 84 197 324 36 400 65 80 152 330 23 346 443 321 376 353 15 496 233 167 294 125 364 483 349 447 371 17 59 324 191 29 191 131 334 127 121 184 149 470 222 135 347 340 308 473 40 179 111 155 75 480 74 400 341 475 318 380 276 264 430 19 444 129 346 190 117 286 132 123 374 411 342 248 248 449 389 92 442 438 4 177 95 208 259 363 187 206 469 204 29 311 250
430 358 397 17 360 349 267 343 217 45 248 327 340 62 218 136 462 105 79 418 3 115 127 277 77 282 348 80 191 452 125 184 376 74 472 190 281 350 24 300 387 421 275 353 267 290 102 72 435 241 340 93 44 101 362 405 314 22 289 145 278 224 55 34 109 102 234 112 394 76 228 214 52 330 494 336 405 319 376 186 460 422 447 222 88 284 180 294 443 176 18 323 164 66 231 367 49 236 84 283
78 480 192 466 392 492 9 36 247 101 27 381 140 165 318 396 47 480 493 16 319 127 238 286 477 168 307 468 149 400 180 176 257 445 474 155 16 116 310 306 104 104 364 480 248 117 249 211 298 6 141 119 242 119 449 410 366 188 410 350 112 228 248 29 287 75 224 328 182 353 15 345 204 240 21 382 350 434 318 475 20 433 368 275 176 377 132 232 333 49 188 162 390 354 3 28 389 51 197 108
160 235 347 270 447 222 21 180 400 256 127 133 185 117 415 21 258 211 265 391 420 104 278 27 359 445 14 69 222 219 266 168 65 10 378 459 314 245 40 160 357 48 191 372 214 442 105 288 47 59 30 327 39 175 463 322 348 293 128 342 322 153 381 274 162 99 169 270 415 449 266 221 457 149 423 236 109 489 210 16 231 253 338 452 272 340 491 253 476 483 409 73 53 184 104 456 102 289 83 170
249 299 480 143 129 351 33 17 408 16 71 82 410 447 218 339 193 126 206 58 51 202 473 97 219 417 278 381 121 436 268 3 57 370 493 2 143 350 387 340 158 94 455 409 213 267 432 211 301 418 385 308 326 470 372 262 209 271 288 374 331 44 500 406 349 182 281 235 477 303 188 360 64 332 270 313 183 416 358 176 236 34 331 91 359 39 219 228 310 381 28 37 304 366 223 290 383 343 141 333
379 81 413 389 269 355 280 182 12 422 43 10 71 44 72 260 224 133 185 412 467 198 76 328 205 168 362 239 398 433 279 352 251 412 28 15 56 304 222 180 88 25 204 490 292 3 120 238 136 13 166 265 362 319 123 110 185 173 300 117 347 77 53 101 239 417 331 123 324 130 322 132 484 294 168 359 41 263 151 141 356 446 19 447 221 422 302 312 296 142 250 196 416 202 310 402 102 30 65 47
282 362 254 417 134 408 238 85 338 433 70 257 326 132 362 59 439 478 267 136 171 132 38 281 35 160 19 97 320 129 234 98 284 250 342 331 208 39 429 225 61 160 456 63 16 44 265 180 356 251 40 313 404 176 490 251 23 20 299 278 26 485 279 329 353 72 72 339 110 256 26 149 456 392 26 366 61 97 444 150 317 485 16 171 237 197 125 111 329 145 314 431 75 271 307 418 341 275 114 392
190 465 75 219 10 25 250 426 206 187 45 209 373 117 396 194 189 468 199 71 491 159 148 234 135 345 358 275 56 247 267 234 446 460 419 398 359 460 478 283 305 282 34 93 448 434 111 319 273 139 365 349 27 114 101 346 70 485 256 6 455 273 383 33 133 25 338 175 224 408 121 138 360 203 494 107 46 256 216 17 96 380 134 192 419 366 486 211 84 474 346 143 481 360 75 150 132 126 16 481
91 49 71 309 106 476 173 14 368 8 186 232 98 438 110 264 91 96 430 385 402 237 459 356 242 276 193 127 133 77 18 279 62 151 53 115 176 495 355 358 292 444 242 176 327 6 5 442 221 75 105 129 331 496 247 135 318 417 467 226 302 21 271 408 108 347 246 105 380 48 429 32 448 130 62 166 419 90 195 493 339 83 451 270 459 481 278 87 178 428 429 283 442 450 215 421 386 392 30 492
308 65 26 454 200 165 208 349 215 488 413 229 444 5 293 100 299 191 1 41 257 135 265 312 153 180 162 192 283 410 61 405 15 284 326 322 102 390 195 481 22 315 262 498 357 240 126 448 302 347 19 123 51 436 301 139 184 160 121 500 259 497 292 319 2 84 178 400 168 163 120 498 336 227 215 293 484 372 366 440 28 468 280 75 81 71 348 447 38 221 387 277 374 106 378 323 243 385 317 142
385 426 189 301 278 493 402 352 251 89 358 138 357 433 36 152 1 58 90 232 407 359 208 235 424 20 147 403 484 316 331 350 313 319 352 265 366 204 189 85 169 207 308 301 70 9 48 483 497 7 56 203 239 415 128 387 2 471 79 77 213 96 276 207 29 392 108 474 190 36 287 20 255 267 326 126 433 341 291 326 164 133 140 234 499 480 132 152 471 275 323 200 144 453 452 285 60 383 410 292
269 265 156 195 219 24 88 44 352 375 361 371 291 297 356 267 38 81 91 430 39 477 273 168 203 191 272 73 366 295 172 216 428 436 405 344 483 2 268 179 27 90 490 217 425 273 220 130 424 97 181 29 79 176 3 486 372 206 303 421 395 164 456 125 6 356 140 106 470 230 236 59 216 314 467 361 342 339 498 165 461 289 91 106 310 192 357 117 270 483 465 143 428 454 245 91 443 121 300 461
357 15 287 56 189 387 379 93 482 494 476 262 474 111 75 492 400 121 49 353 442 301 363 338 103 470 16 446 179 415 358 14 398 393 101 287 13 366 50 283 185 102 369 376 250 150 35 495 445 224 185 266 82 357 71 179 267 415 235 39 114 131 299 500 155 248 158 211 244 482 32 434 272 376 393 407 401 274 170 292 445 36 132 37 297 205 175 205 185 61 268 21 161 388 108 7 79 192 483 120
191 63 462 371 214 135 193 112 287 88 445 109 409 489 291 201 335 267 83 120 394 21 350 292 319 254 256 31 323 270 415 387 440 337 446 152 71 151 131 13 117 270 322 168 208 27 284 366 340 130 281 240 207 437 230 400 128 141 35 73 125 305 498 214 481 141 71 295 239 368 401 460 337 270 399 432 142 283 437 416 221 230 183 389 259 35 6 250 489 10 254 179 19 493 293 67 58 70 198 283
395 323 483 477 281 475 251 334 84 260 145 460 129 168 148 48 47 362 212 157 4 460 260 63 72 227 326 1 465 292 448 168 398 338 247 286 173 274 19 248 257 426 332 380 316 250 28 288 221 383 487 229 19 107 93 481 457 166 159 269 376 255 50 19 140 347 323 1 383 198 382 356 309 305 327 455 146 18 127 145 383 160 344 18 97 363 301 315 160 174 159 74 6 304 387 455 426 78 438 29
141 279 79 397 128 38 185 414 80 52 250 224 424 415 477 365 359 81 281 435 243 167 55 411 267 114 244 76 310 21 484 446 226 469 369 108 286 396 130 170 469 30 328 340 280 48 240 77 392 335 7 460 165 381 221 339 68 313 235 350 246 34 270 117 403 72 489 128 496 271 110 96 101 118 101 421 296 353 168 194 176 363 285 434 471 85 423 183 280 25 46 66 201 268 422 101 10 469 333 272
481 407 150 383 396 387 414 347 79 84 82 296 451 381 131 322 215 370 429 85 339 423 44 355 340 396 78 486 117 435 124 199 221 77 484 4 131 389 58 302 149 248 24 176 237 259 75 99 211 224 169 24 217 286 270 141 145 376 18 108 315 202 190 334 149 76 494 185 89 365 341 119 82 273 85 133 407 211 395 445 18 444 481 220 122 170 62 204 58 58 440 87 324 19 195 371 251 8 380 468
322 406 299 37 431 371 213 423 44 180 418 464 305 345 256 329 347 40 454 353 235 205 462 284 297 264 500 481 353 117 220 104 470 472 220 140 138 383 340 318 400 355 12 201 22 43 134 472 483 166 325 443 378 189 59 74 497 479 276 224 383 104 200 345 454 255 333 117 201 148 19 383 128 130 478 266 227 210 347 480 435 62 8 438 293 155 11 129 156 492 171 444 67 136 395 424 341 212 29 430
316 26 17 201 10 175 123 273 147 18 120 89 289 199 161 10 103 190 255 230 194 33 489 198 151 213 310 380 395 41 96 393 193 113 98 184 16 317 187 98 194 148 172 216 467 294 182 412 152 450 137 308 128 120 243 297 322 75 411 385 296 108 207 354 182 110 330 33 437 97 326 95 93 435 175 351 332 373 498 331 248 123 407 3 349 356 20 233 484 419 136 139 465 141 240 167 94 480 494 482
278 85 113 290 419 71 210 200 148 442 225 135 152 70 37 275 477 441 180 42 230 160 296 11 185 314 281 38 121 391 169 97 238 263 18 454 488 321 283 191 176 232 364 256 119 37 93 456 368 91 379 169 154 6 179 112 88 397 306 190 292 4 207 25 437 122 399 323 328 12 88 182 142 392 114 255 401 334 141 11 55 179 310 57 210 345 314 82 142 225 349 91 94 257 396 283 471 202 412 178
244 432 112 319 464 184 359 455 490 349 236 131 389 140 272 458 370 330 480 409 288 406 416 218 467 224 169 153 180 204 359 58 323 321 452 401 298 306 15 460 287 132 438 388 318 230 185 177 60 364 137 78 77 201 66 497 411 57 221 37 153 499 34 191 349 111 47 260 490 189 123 430 95 365 216 335 190 406 50 48 162 475 461 103 133 353 167 258 23 454 156 10 253 419 168 305 182 27 144 248
478 150 30 266 450 199 8 203 498 326 469 193 159 231 5 267 97 338 479 216 441 77 238 353 36 328 445 461 163 332 202 78 17 400 176 319 441 302 224 224 180 168 376 471 159 93 220 207 139 292 299 136 139 497 252 100 467 55 262 261 215 354 10 437 427 382 189 241 66 299 120 398 262 304 42 211 375 428 258 152 445 423 406 213 493 10 433 377 204 23 2 471 466 70 102 53 101 339 218 112
7 77 86 378 228 340 364 431 197 184 283 195 466 116 488 63 281 252 201 383 185 132 357 219 80 19 53 103 478 284 198 497 339 324 236 22 144 358 56 121 79 257 359 107 215 86 226 470 169 388 212 219 53 174 159 183 174 176 355 9 30 319 381 274 43 336 401 36 424 217 400 57 169 244 391 217 390 185 431 478 248 349 299 311 161 82 216 181 259 472 52 141 173 255 31 434 361 110 469 16
191 397 331 397 401 416 358 375 213 490 219 264 7 267 373 477 180 123 249 172 323 500 357 450 71 184 285 14 259 29 265 60 2 326 466 251 329 337 425 99 43 312 18 127 248 90 34 392 258 69 197 44 334 174 229 405 345 446 146 96 413 169 304 234 67 313 248 250 220 211 398 488 77 63 132 319 97 255 430 25 63 352 273 114 341 397 164 293 498 146 150 326 177 170 438 37 88 125 228 42
378 243 319 50 497 83 30 293 133 249 390 254 283 145 219 337 67 241 127 22 190 91 225 327 85 364 227 241 228 330 421 191 155 184 255 278 213 453 479 80 420 220 17 41 43 454 269 333 36 35 268 92 218 369 324 208 60 292 207 351 383 237 76 402 144 210 22 87 296 99 135 196 35 109 351 497 42 50 70 402 408 105 201 59 485 452 309 170 290 449 67 453 410 161 187 390 232 113 281 289
119 407 179 145 413 302 452 7 24 282 10 265 484 385 201 8 11 321 335 26 419 136 22 25 268 185 273 35 351 354 235 344 156 413 437 207 134 205 157 249 242 363 198 28 55 283 413 26 320 291 7 47 484 335 120 67 409 80 82 321 94 188 332 225 245 423 23 467 30 393 457 393 310 214 481 193 401 405 88 369 273 246 7 182 228 28 138 437 389 407 82 469 252 451 112 351 238 119 393 456
229 43 8 134 50 62 447 60 46 321 78 482 328 70 281 113 79 458 15 209 281 372 46 146 61 187 104 186 1 500 369 446 280 498 6 133 481 396 276 55 47 130 491 323 435 200 19 178 357 141 15 302 312 154 489 300 349 457 403 474 160 214 165 38 54 270 220 448 212 86 140 68 63 160 327 498 438 215 433 224 179 454 310 372 294 313 487 51 132 144 165 48 213 318 284 378 352 95 57 473
270 414 256 262 402 196 307 290 99 427 121 48 388 196 300 496 67 406 64 400 227 444 334 26 35 107 458 332 224 413 365 251 103 491 439 441 72 208 382 284 188 56 361 284 172 259 242 485 356 183 277 114 165 153 395 371 435 85 203 132 448 189 460 91 219 266 478 70 34 470 156 475 412 19 376 146 496 327 211 459 428 394 457 293 306 452 274 248 227 160 432 104 459 302 479 240 58 405 135 392
447 86 261 354 379 499 191 221 462 233 467 6 171 178 124 486 255 184 217 310 114 68 144 158 421 60 37 133 341 482 404 443 419 206 250 32 402 156 176 490 16 432 319 438 441 380 266 399 143 161 424 442 128 334 367 293 27 219 130 389 95 104 344 247 242 88 334 330 475 71 117 131 77 500 486 292 407 231 464 498 118 411 225 151 269 325 334 417 28 148 66 197 112 335 87 117 489 131 85 422
448 198 409 326 350 361 132 431 459 295 373 126 128 143 326 74 78 318 56 183 152 198 14 303 45 348 198 227 183 443 28 327 317 15 417 438 125 359 89 499 427 288 449 284 181 96 134 469 22 183 264 385 23 105 169 265 236 158 159 223 340 369 37 193 88 105 83 396 48 79 1 461 455 110 21 386 226 126 290 98 13 374 93 141 218 242 135 294 427 477 297 433 312 359 430 176 239 497 205 466
39 32 465 188 145 474 51 374 178 437 496 496 203 442 308 50 111 35 80 283 245 17 85 11 104 123 327 289 453 125 14 190 464 63 464 436 199 415 345 88 109 42 446 227 77 207 339 385 104 102 281 322 11 199 128 7 355 325 18 75 406 315 170 191 157 454 70 197 4 445 166 438 208 396 151 384 18 354 469 325 25 178 161 390 96 382 107 452 233 127 333 410 15 270 434 174 477 159 168 399
37 137 223 70 205 15 363 494 70 49 446 422 112 132 36 291 40 54 29 486 14 415 299 499 483 27 377 485 144 261 49 439 480 333 226 139 438 219 147 41 157 330 403 264 283 451 470 221 331 275 242 426 403 8 328 328 202 404 95 230 258 32 121 112 283 139 449 217 323 181 318 493 272 361 194 459 113 162 24 445 73 162 191 479 7 310 140 291 128 407 140 220 324 141 456 10 145 231 251 492
374 444 388 327 454 320 453 388 374 116 121 426 55 138 267 177 162 346 228 476 161 91 477 111 65 119 118 174 306 459 157 229 93 384 365 482 19 361 408 322 291 34 321 312 308 283 106 488 320 170 443 289 254 41 345 260 117 202 92 83 183 429 242 59 267 293 358 466 107 279 313 33 375 242 312 371 364 465 412 169 366 44 93 444 346 100 264 218 204 30 269 417 103 456 61 354 344 208 349 183
59 18 14 298 246 379 147 384 140 381 294 494 243 404 91 136 237 251 54 89 479 408 173 228 322 288 385 438 389 116 356 62 198 355 306 352 396 165 369 438 374 197 406 330 391 340 119 137 128 353 236 29 37 146 449 53 496 405 179 416 168 449 179 405 68 389 169 347 450 172 426 117 352 96 382 142 190 418 67 371 478 459 13 31 22 171 420 154 390 496 89 203 179 39 228 103 465 480 55 35
7 29 370 453 265 471 234 347 409 41 302 455 431 351 453 58 263 452 110 9 291 32 78 179 6 167 185 149 426 60 101 20 203 275 474 67 106 363 244 26 234 165 173 440 227 56 284 106 74 86 195 54 31 445 146 301 395 52 141 264 398 69 50 71 66 478 93 2 194 273 426 210 376 427 39 446 255 258 451 95 289 394 443 443 210 188 17 315 188 466 437 389 185 468 2 359 304 235 391 2
320 424 347 135 252 257 399 154 101 77 273 18 255 211 291 162 329 351 328 55 248 57 327 139 291 16 486 244 62 280 236 291 355 281 139 454 496 117 312 58 351 102 178 230 25 262 86 62 131 376 50 460 423 322 21 55 377 178 240 195 151 307 61 394 448 138 387 34 242 219 55 20 253 20 110 95 418 101 300 339 384 327 235 467 14 312 126 423 278 264 2 154 180 15 457 222 413 61 162 27
57 145 150 420 205 435 162 429 461 130 486 158 484 354 487 146 135 483 130 141 494 324 196 259 435 221 500 331 81 177 196 297 294 485 232 408 173 427 293 425 465 88 279 109 480 79 447 467 492 99 126 324 270 153 348 182 42 20 194 441 296 119 353 465 447 318 249 62 8 269 111 430 175 331 495 142 342 357 326 29 197 465 17 116 356 187 412 29 304 251 180 217 426 369 426 194 62 328 165 333
326 360 160 192 257 144 278 245 12 8 332 65 16 408 171 206 378 123 155 266 257 345 433 218 280 309 197 332 293 172 21 121 164 468 341 227 70 286 440 332 314 292 173 450 207 484 116 37 199 35 105 180 354 175 73 200 361 62 448 115 72 216 472 178 29 237 140 424 406 89 86 377 310 18 302 195 225 349 241 453 352 302 135 155 58 123 224 271 401 180 195 315 193 318 18 45 169 472 360 218
13 213 455 455 410 277 94 195 430 372 13 250 91 221 419 51 17 132 171 196 377 80 168 381 194 394 476 401 208 92 182 469 276 347 44 118 281 157 137 231 238 156 432 109 410 337 51 345 431 26 109 338 16 365 245 200 394 410 160 438 62 69 39 293 194 221 199 175 232 479 140 165 438 333 26 33 60 75 222 300 149 153 138 65 221 283 213 145 430 432 32 241 316 139 344 263 319 209 306 460
449 154 405 296 457 415 39 178 102 90 237 196 45 222 342 481 363 250 252 358 244 115 191 392 273 279 204 126 483 155 460 295 458 321 174 316 71 347 84 344 250 134 315 262 397 388 242 403 355 423 131 205 386 287 298 233 105 352 200 446 483 257 337 476 74 307 38 13 149 164 348 228 486 84 228 1 385 439 69 462 487 69 473 73 315 273 184 103 341 178 234 35 262 61 482 365 129 9 326 464
410 450 232 280 413 255 384 329 215 488 183 318 430 12 146 294 372 443 309 407 496 190 428 274 328 70 289 72 104 457 416 208 118 377 422 7 244 435 171 46 305 121 332 375 120 332 430 93 243 15 121 184 254 278 97 321 494 105 312 484 150 198 306 61 381 302 392 370 205 216 194 356 314 308 1 194 265 382 154 37 174 13 88 106 183 280 410 139 258 48 199 441 87 292 127 243 291 312 145 358
18 251 456 184 14 472 301 174 34 213 172 450 164 203 463 117 292 375 5 145 90 37 160 124 227 444 456 31 17 27 177 192 254 394 269 313 162 462 288 407 210 37 294 316 458 451 5 285 15 52 392 53 341 3 353 400 43 164 232 180 230 403 189 495 334 271 206 67 401 256 406 325 357 442 496 339 462 288 334 367 114 221 334 405 4 206 465 437 298 490 370 114 178 157 236 456 237 350 309 227
475 488 324 425 500 401 384 104 226 434 370 30 265 224 380 395 374 383 400 403 352 1 417 342 274 180 122 285 82 25 12 132 144 410 301 494 38 164 376 454 73 170 246 82 302 160 44 239 330 353 175 242 309 498 114 386 293 484 367 156 236 166 315 49 485 272 401 432 30 314 127 242 224 438 125 87 243 74 224 475 371 64 184 135 326 8 307 356 339 45 36 464 272 184 60 229 372 144 168 367
467 232 425 166 345 476 131 202 235 340 255 461 158 476 125 85 482 323 135 271 276 268 304 153 476 375 429 29 244 369 371 456 350 348 475 200 30 60 201 126 334 140 101 388 173 178 218 340 317 7 182 244 332 28 483 28 267 160 33 431 310 247 169 358 377 60 176 67 146 172 449 167 305 490 143 233 7 160 265 477 399 352 484 161 400 445 273 76 485 202 192 162 87 490 178 421 271 398 236 243
198 110 169 86 238 148 300 106 292 328 444 15 473 75 470 348 483 367 443 77 206 9 163 318 152 123 150 122 236 130 275 445 444 197 269 137 79 164 488 401 48 354 146 270 101 79 439 177 173 167 295 35 231 425 328 40 32 321 478 123 184 334 221 456 82 153 307 454 408 412 3 249 20 444 447 330 153 260 339 42 387 12 119 491 343 138 33 126 180 176 17 430 144 404 71 40 391 335 281 489
275 339 110 119 223 332 240 331 73 499 302 393 436 70 111 80 6 21 129 22 362 256 403 294 151 243 400 257 28 361 422 312 258 438 272 465 5 277 443 122 479 474 85 405 119 265 265 62 404 333 393 236 432 114 456 460 265 120 89 311 287 49 206 213 80 403 301 401 242 147 102 158 117 479 135 170 235 130 351 121 134 262 40 298 201 149 369 410 371 113 396 299 418 215 433 39 61 377 337 386
343 239 429 320 354 498 88 372 197 464 380 278 287 21 286 150 169 301 345 198 16 28 327 344 408 493 488 370 94 108 157 409 123 304 138 186 43 21 96 48 323 199 265 307 447 117 383 419 209 395 412 343 335 380 245 487 286 197 206 178 294 356 376 364 350 138 487 362 102 18 456 33 400 491 268 495 6 470 475 177 388 105 118 350 383 362 310 210 238 398 263 56 469 442 14 381 137 373 123 11
41 232 283 319 320 213 87 231 149 380 231 436 470 285 344 33 325 484 335 463 78 408 100 191 343 361 95 259 366 394 82 61 115 319 333 318 196 104 229 28 35 476 318 377 191 143 85 370 19 88 135 305 497 304 39 319 492 365 496 419 419 28 69 469 392 43 267 431 326 412 398 391 36 448 164 323 335 129 449 400 324 337 298 264 268 300 294 53 293 498 28 275 399 227 122 173 489 385 159 241
92 117 363 7 256 302 358 286 363 101 472 28 216 475 272 429 489 282 320 195 125 373 127 21 239 231 95 187 125 40 411 296 374 12 43 353 452 482 250 183 82 182 471 68 183 479 421 483 414 46 446 267 24 133 209 152 382 393 464 363 308 216 382 96 250 340 318 443 55 270 278 149 185 412 145 270 258 452 422 442 134 182 430 265 415 474 379 456 400 139 27 167 306 142 201 38 126 165 404 119
65 340 226 496 38 439 94 465 244 234 198 210 465 484 394 463 57 168 335 478 77 491 382 133 148 44 410 165 169 471 202 72 74 247 4 204 79 288 243 398 85 249 77 299 500 31 450 231 434 232 488 129 381 221 208 492 453 232 27 441 395 27 182 58 411 87 134 465 175 134 14 131 350 374 124 110 26 79 500 120 358 401 419 285 109 27 149 240 61 246 40 199 317 384 463 54 467 137 331 376
234 33 153 170 174 496 78 146 215 236 470 178 30 447 426 334 396 375 218 246 480 48 347 405 265 82 166 247 498 500 195 176 321 393 463 346 448 71 199 176 335 219 195 245 56 282 87 285 30 388 345 164 363 232 82 85 489 289 364 449 300 76 114 265 239 11 85 136 31 331 435 250 59 111 299 282 238 283 484 401 91 130 432 216 401 13 95 338 9 158 358 300 246 453 121 164 4 474 25 302
132 73 267 302 194 216 206 128 240 377 233 278 120 10 23 190 370 255 21 421 59 400 375 285 399 243 147 39 128 126 233 130 77 120 201 295 316 3 5 63 240 332 472 468 8 43 132 408 298 138 337 80 173 131 308 451 47 191 396 304 476 44 392 443 441 148 163 97 105 411 491 420 160 189 147 220 447 17 485 20 270 463 305 113 258 179 163 426 23 296 377 443 114 54 31 190 220 349 349 477
98 316 268 37 75 330 389 49 114 452 65 65 240 13 288 84 178 429 50 210 369 459 245 394 76 146 104 377 282 144 437 422 358 214 373 160 309 485 359 499 283 61 192 83 334 352 130 423 346 176 264 276 295 338 52 163 194 131 141 54 52 35 249 48 5 245 92 480 495 125 191 170 416 195 55 139 28 253 387 332 48 460 437 350 116 275 238 489 118 130 345 469 265 360 376 359 447 366 175 374
76 3 371 471 68 158 28 392 28 323 248 450 50 53 166 143 461 273 335 428 250 474 33 288 117 171 382 3 1 76 453 385 260 209 230 353 20 446 249 154 320 149 336 189 67 84 50 388 120 492 148 217 465 43 255 45 85 374 184 337 130 179 147 465 475 33 469 124 378 55 382 309 383 46 387 129 480 64 413 366 139 269 352 46 83 485 297 466 220 67 313 64 238 364 328 126 237 334 146 56
444 10 153 61 258 467 73 43 408 173 387 146 345 454 243 165 141 160 42 218 465 469 253 369 133 50 128 72 379 481 191 186 446 142 456 79 107 10 131 74 267 375 265 107 287 105 326 206 374 73 455 226 179 437 440 462 192 397 19 412 72 396 67 141 470 92 162 106 228 158 472 378 333 55 46 442 35 362 231 219 382 71 58 100 475 101 343 129 198 177 433 333 476 389 142 293 330 114 131 210
352 91 4 63 218 208 190 293 35 159 112 58 277 134 457 118 463 151 328 361 387 62 407 239 172 400 489 442 177 110 296 480 467 230 163 330 299 418 89 346 350 414 213 418 248 22 203 191 462 346 185 54 495 281 148 314 279 375 231 17 195 403 348 347 98 133 442 374 419 169 471 84 17 442 120 375 86 416 353 172 204 475 358 241 347 481 392 287 481 84 44 209 64 265 31 67 104 154 340 227
290 210 61 407 98 403 35 433 87 83 73 403 97 200 273 381 218 386 183 425 246 281 304 418 193 461 297 304 233 460 5 46 185 36 158 416 287 270 73 317 159 135 465 179 238 51 48 146 4 89 78 412 406 321 312 52 477 470 242 242 421 40 206 13 291 39 315 14 431 422 86 242 138 205 292 276 286 259 10 448 125 349 308 413 154 145 183 180 256 96 115 298 233 469 117 434 396 243 266 269
91 395 110 468 353 403 91 374 469 256 291 248 166 94 81 378 229 27 361 456 82 399 331 379 428 75 352 296 164 5 393 61 378 169 462 24 99 455 444 74 352 83 36 188 378 388 394 489 424 178 210 183 380 368 258 337 294 174 94 100 151 188 155 259 163 417 353 125 361 240 485 327 366 147 296 414 121 11 93 246 389 498 291 294 265 321 153 469 379 226 200 440 202 104 304 202 145 497 419 107
25 439 401 181 210 248 171 462 395 28 208 407 218 163 339 63 405 405 483 362 436 180 128 314 440 197 241 338 5 195 401 214 333 427 341 144 303 222 105 238 113 58 71 218 450 274 166 288 153 469 364 404 28 447 312 301 117 36 97 99 173 51 434 326 292 491 75 257 154 306 227 248 222 169 420 10 337 222 248 364 207 186 212 3 163 427 116 206 150 140 28 302 155 135 26 124 234 102 261 283
293 307 223 435 194 402 241 115 292 391 126 500 105 309 255 432 329 397 50 76 382 389 258 329 294 53 341 95 196 485 442 194 139 245 315 67 45 328 341 329 473 229 71 129 162 309 86 289 383 171 4 210 353 231 436 315 95 444 339 371 345 302 183 78 280 476 295 281 384 103 24 489 230 457 163 336 87 99 492 112 291 123 376 423 247 191 5 357 300 140 453 453 261 336 382 164 176 357 345 268
354 99 446 262 343 210 230 184 374 229 161 109 463 321 469 308 364 311 373 192 416 458 154 231 348 3 85 295 468 243 307 376 263 180 12 424 34 84 121 482 457 233 306 270 311 395 420 419 497 294 36 401 471 149 422 31 475 135 279 499 307 290 216 73 359 423 165 40 325 203 19 312 192 422 70 381 441 287 351 59 69 201 31 255 317 65 254 477 192 313 85 428 53 402 112 488 131 207 61 4
63 288 36 484 133 332 105 181 31 420 209 428 384 78 460 395 203 62 332 327 193 156 25 135 299 288 108 359 446 260 224 186 76 402 132 401 62 364 39 22 268 402 198 274 447 267 209 391 100 500 458 35 206 412 109 215 372 370 187 452 448 395 51 330 225 289 476 356 314 349 128 85 309 429 174 374 156 83 58 113 228 44 380 192 45 222 284 492 199 391 257 71 245 327 477 30 393 10 326 259
477 371 333 372 244 190 402 235 325 87 417 200 411 353 28 30 356 104 347 434 31 220 446 294 30 132 190 4 100 63 197 152 439 486 45 205 27 296 409 253 74 209 148 92 398 359 160 330 286 152 280 182 69 458 430 47 362 34 51 471 302 214 230 66 61 259 96 12 157 215 315 420 101 387 122 382 456 195 435 178 243 401 13 23 55 430 318 301 65 197 90 111 143 370 322 466 62 240 139 27
166 360 308 57 488 404 212 425 173 252 153 88 320 80 473 53 324 151 329 4 327 206 449 96 168 344 110 442 50 12 49 44 95 465 229 87 266 213 60 329 105 442 254 308 80 172 345 196 72 442 12 85 229 424 388 207 280 462 333 344 257 116 294 178 291 496 1 490 431 116 232 374 169 481 231 368 227 452 471 53 239 293 277 463 293 291 457 83 155 122 156 271 8 425 390 121 22 477 456 411
280 11 95 213 424 442 347 162 297 471 269 139 318 462 410 334 238 272 38 192 74 111 473 20 414 140 361 322 440 178 355 128 471 353 333 189 98 147 478 61 7 102 490 374 128 192 166 362 309 54 82 51 196 130 362 337 179 296 148 284 170 37 96 467 242 47 123 278 7 498 237 413 187 255 495 10 413 436 485 460 396 489 1 34 321 469 498 188 280 410 462 207 499 257 133 499 53 239 308 488
396 431 143 410 16 121 234 240 218 48 480 138 437 9 351 475 313 254 342 468 79 452 295 499 295 186 157 53 290 287 272 168 440 60 128 357 147 200 477 175 438 118 310 314 383 338 265 57 325 332 176 446 174 120 192 244 86 60 61 143 7 386 135 312 39 195 188 197 297 320 95 335 72 281 475 296 495 473 326 13 79 484 470 100 180 313 328 343 413 352 87 415 195 269 334 39 257 147 123 54
391 178 277 312 223 129 243 158 455 301 366 178 209 108 75 180 274 375 139 123 350 133 97 436 210 430 459 402 355 404 274 429 124 149 253 483 328 107 442 126 449 366 158 120 11 414 396 177 494 483 117 260 124 3 434 315 213 451 21 130 308 55 288 313 397 493 421 399 137 294 409 315 296 121 12 311 447 482 71 71 302 412 238 235 452 107 203 495 318 427 185 408 432 223 373 206 408 35 200 200
93 298 107 113 417 345 74 135 147 54 2 339 482 66 151 195 455 368 46 468 499 239 252 355 228 364 62 180 359 189 3 142 260 231 361 57 265 242 263 453 214 232 348 248 64 237 311 456 18 277 385 202 76 65 15 420 370 242 13 79 377 265 408 378 258 430 117 270 353 36 372 300 232 243 21 178 498 250 478 206 76 493 440 73 75 199 165 189 240 41 204 308 474 450 97 79 196 474 21 300
92 87 224 216 118 247 494 429 107 367 185 193 386 497 1 290 178 468 111 56 333 438 387 58 247 269 437 81 433 419 416 383 303 152 494 385 27 160 2 278 83 370 475 50 378 203 374 264 228 305 367 216 438 364 28 113 343 412 385 493 213 297 490 352 436 430 381 236 3 47 9 188 142 183 344 240 210 34 138 171 385 116 187 285 249 372 325 90 234 413 359 269 285 465 440 425 125 497 134 152
134 255 391 471 185 340 296 231 437 374 189 375 57 455 122 16 340 104 425 19 332 176 97 411 72 170 312 284 349 326 71 365 44 456 329 239 179 287 427 376 324 248 279 49 477 341 96 220 198 6 200 62 210 99 258 26 369 304 69 433 149 84 475 228 454 82 414 273 300 167 202 162 145 74 25 124 232 91 182 89 44 1 306 31 70 412 43 343 471 243 380 282 127 87 358 111 199 70 346 444
256 197 324 141 378 378 10 196 362 167 15 451 60 277 500 500 210 282 46 232 471 144 86 165 61 119 424 372 211 419 185 92 368 27 341 17 334 151 342 121 308 3 11 127 208 463 165 263 242 493 45 127 467 209 88 97 58 432 46 203 235 277 212 37 267 431 442 102 17 418 297 216 145 358 298 448 139 377 173 343 304 493 255 11 326 397 457 250 99 331 271 482 254 368 142 172 381 112 390 401
204 250 400 476 417 429 389 274 446 385 433 380 46 239 85 225 32 285 261 417 34 283 123 247 396 265 91 8 123 466 289 317 122 159 382 497 12 122 123 229 31 259 92 239 287 498 93 215 161 131 225 453 145 384 187 21 189 363 219 85 31 130 255 19 395 217 223 132 6 215 120 202 124 293 114 238 211 114 225 359 242 117 88 330 199 259 65 408 473 370 347 343 467 179 385 461 207 348 43 467
136 307 420 339 28 157 159 475 243 483 48 124 154 433 282 156 289 283 371 140 489 386 398 215 30 77 77 301 359 105 431 136 365 19 83 131 292 374 135 454 50 262 55 71 289 175 259 52 1 280 352 214 100 12 44 24 213 256 9 34 390 143 474 466 317 97 490 119 262 112 167 101 264 90 288 194 496 193 64 280 413 50 193 49 495 475 341 430 159 437 261 388 76 210 376 190 225 243 24 236
52 192 334 286 273 167 481 487 334 257 203 150 260 137 385 389 140 183 102 401 263 482 31 280 413 499 238 374 432 88 454 307 318 441 192 196 326 94 294 217 142 50 42 366 407 414 232 51 269 321 53 102 476 165 81 304 94 256 450 420 162 165 378 375 166 479 266 247 441 425 357 161 383 229 293 30 308 320 226 65 365 75 337 476 283 50 322 486 177 491 34 252 155 123 270 181 126 178 82 195
332 450 420 393 294 300 482 424 9 319 191 345 184 403 151 327 110 419 226 358 53 488 353 120 67 171 297 147 468 143 50 25 471 385 17 195 421 489 31 439 497 176 260 439 339 264 173 43 384 6 126 178 75 205 8 370 271 228 311 431 411 88 246 132 456 340 379 70 99 59 379 231 429 422 428 137 52 367 269 221 1 370 176 392 452 424 205 225 214 127 469 476 468 31 304 372 433 217 355 375
336 31 258 5 79 197 183 257 429 170 185 227 309 307 174 163 29 372 118 385 264 22 138 494 229 124 298 402 201 371 135 412 356 115 153 192 489 237 245 266 342 339 153 16 437 110 396 347 137 261 94 478 490 499 286 346 217 345 467 245 484 298 257 187 240 405 263 220 382 274 283 336 229 301 55 405 224 174 24 205 233 47 34 45 94 165 193 155 288 316 123 389 459 394 500 451 499 68 28 349
271 277 336 479 396 101 313 312 210 239 408 3 375 7 300 273 30 205 152 169 82 432 250 362 437 12 465 37 473 52 56 480 190 409 432 8 422 133 66 367 91 177 79 67 245 464 318 66 282 65 290 364 296 13 265 392 434 403 82 355 455 350 156 383 441 190 284 170 251 271 307 240 92 109 385 369 154 210 344 392 228 475 427 141 457 352 55 280 230 363 341 215 115 1 278 341 163 49 370 349
184 34 458 207 352 458 67 191 299 70 96 164 390 210 475 131 181 36 192 309 210 136 109 412 231 389 44 3 361 384 4 258 440 243 493 410 239 308 71 191 58 178 200 29 323 31 167 18 412 321 29 247 21 99 451 363 243 102 162 182 361 497 278 263 335 57 287 39 226 119 395 120 457 224 367 355 423 196 325 242 351 451 225 35 351 307 177 222 477 269 190 299 261 32 310 346 329 107 309 297
83 487 279 490 143 128 245 102 71 299 259 52 421 466 259 135 424 16 101 23 491 489 22 293 500 271 458 154 198 312 101 89 476 261 477 410 500 52 334 483 481 59 349 62 410 119 362 241 144 207 262 122 112 410 401 308 454 216 113 64 43 5 141 41 192 252 255 251 257 66 107 13 219 261 309 355 2 393 367 369 360 350 253 333 316 360 239 377 256 198 259 343 55 156 236 451 220 65 296 241
37 145 291 300 77 187 149 376 70 64 328 289 231 387 108 414 263 276 381 467 365 157 236 455 334 24 162 282 147 374 20 16 476 49 166 21 25 383 472 98 37 241 188 195 326 313 461 111 102 105 466 78 237 126 101 188 297 21 308 107 488 129 76 412 170 226 476 490 101 344 207 250 443 303 187 102 263 429 179 147 312 199 490 454 84 451 321 310 363 115 145 68 266 145 2 422 228 113 202 305
36 11 84 479 340 66 134 306 484 394 327 3 349 82 65 464 179 218 320 162 36 267 453 439 122 54 420 69 445 5 87 397 14 246 85 186 9 374 195 76 496 76 471 421 374 391 343 294 401 23 31 435 296 168 424 443 66 493 226 381 445 490 251 195 20 195 273 1 129 256 24 270 7 323 393 467 329 380 341 463 414 300 496 313 344 498 3 177 37 69 298 3 200 489 326 494 332 285 396 470
312 10 448 238 170 119 84 120 212 27 402 476 86 479 293 420 474 293 285 263 143 498 114 450 275 109 497 81 104 113 351 320 438 430 408 231 172 389 37 197 19 484 87 258 178 135 481 429 212 370 138 423 356 312 241 454 332 165 235 235 100 245 77 271 148 368 179 430 101 236 310 440 20 105 142 138 213 308 125 495 194 440 266 328 257 500 487 451 354 180 48 409 270 119 350 500 193 74 321 90
189 208 30 328 221 192 293 299 163 43 151 354 134 7 222 451 337 205 341 345 338 499 253 417 84 434 6 270 129 18 310 347 273 361 29 229 269 372 155 285 124 182 493 63 122 495 333 362 112 115 193 453 493 52 452 114 77 143 490 377 277 303 490 441 127 176 443 231 8 438 432 117 37 199 315 240 193 497 447 243 91 70 81 350 40 334 179 348 373 8 64 213 187 105 290 76 285 460 173 251
214 324 413 418 189 170 303 487 451 200 232 37 280 346 337 352 350 281 121 303 408 15 163 27 345 49 409 385 287 137 442 144 72 4 225 328 8 293 387 72 161 136 29 256 453 32 7 460 76 34 111 404 415 11 300 290 358 498 443 131 479 236 418 310 213 57 472 119 138 238 378 481 381 257 129 273 221 59 253 69 136 275 87 286 93 33 224 402 75 472 9 426 99 39 317 269 417 296 134 448
116 448 284 480 170 476 400 403 85 340 306 31 344 182 367 161 150 363 488 179 254 219 365 115 106 464 168 382 157 319 247 186 129 95 265 160 445 68 58 162 311 345 114 86 387 354 130 265 179 127 79 422 173 347 477 397 68 294 58 488 239 4 372 85 89 136 178 353 291 17 472 58 425 160 194 135 326 360 329 415 483 328 214 329 243 265 497 468 2 282 459 7 169 146 204 1 372 137 114 255
33 352 417 84 122 364 440 56 243 131 482 154 410 419 435 391 65 136 103 428 215 427 131 63 243 457 120 362 375 380 217 323 426 115 157 463 115 117 310 63 364 295 475 262 36 426 432 389 169 12 221 445 391 400 303 169 415 174 18 189 121 233 408 412 226 204 24 371 299 260 184 480 148 448 424 400 305 387 332 416 57 222 86 200 306 456 78 456 467 100 96 345 498 370 385 446 482 210 415 472
258 176 284 217 303 474 223 138 90 121 115 189 188 121 342 56 453 332 16 184 462 63 301 403 286 161 142 90 257 142 384 259 444 429 16 432 214 122 154 178 190 205 198 407 39 485 334 461 479 26 181 229 416 311 89 213 438 181 10 266 195 210 458 327 393 31 439 444 256 183 232 395 113 49 476 487 92 454 272 448 116 69 354 440 461 45 41 209 421 474 130 416 80 352 458 208 102 155 121 197
